27 These are the shaped crafting recipes. Slot format: (id, metadata, count)
2,2,(5),(5),(5),(5):(58,0,1) Crafting table
1,2,(263),(280,0):(50,0,4) Torch
3,3,(4),(4),(4),(0),(280),(0),(0),(280),(0):(274,0,1) Stone pickaxe
3,3,(5),(5),(5),(0),(280),(0),(0),(280),(0):(270,0,1) Wooden pickaxe
3,3,(265),(265),(265),(0),(280),(0),(0),(280),(0):(257,0,1) Iron pickaxe
3,3,(266),(266),(266),(0),(280),(0),(0),(280),(0):(285,0,1) Golden pickaxe
3,3,(264),(264),(264),(0),(280),(0),(0),(280),(0):(278,0,1) Diamond pickaxe
3,3,(4),(4),(0),(4),(280),(0),(0),(280),(0):(275,0,1) Stone axe
3,3,(5),(5),(0),(5),(280),(0),(0),(280),(0):(271,0,1) Wooden axe
3,3,(265),(265),(0),(265),(280),(0),(0),(280),(0):(258,0,1) Iron axe
3,3,(266),(266),(0),(266),(280),(0),(0),(280),(0):(286,0,1) Golden axe
3,3,(264),(264),(0),(264),(280),(0),(0),(280),(0):(279,0,1) Diamond axe
3,3,(0),(4),(0),(0),(280),(0),(0),(280),(0):(273,0,1) Stone shovel
3,3,(0),(5),(0),(0),(280),(0),(0),(280),(0):(269,0,1) Wooden shovel
3,3,(0),(265),(0),(0),(280),(0),(0),(280),(0):(256,0,1) Iron shovel
3,3,(0),(266),(0),(0),(280),(0),(0),(280),(0):(284,0,1) Golden shovel
3,3,(0),(264),(0),(0),(280),(0),(0),(280),(0):(277,0,1) Diamond shovel
3,3,(4),(4),(4),(0),(280),(0),(0),(280),(0):(291,0,1) Stone hoe
3,3,(5),(5),(5),(0),(280),(0),(0),(280),(0):(290,0,1) Wooden hoe
3,3,(265),(265),(0),(0),(280),(0),(0),(280),(0):(292,0,1) Iron hoe
3,3,(266),(266),(0),(0),(280),(0),(0),(280),(0):(294,0,1) Golden hoe
3,3,(264),(264),(0),(0),(280),(0),(0),(280),(0):(293,0,1) Diamond hoe
3,3,(0),(4),(0),(0),(4),(0),(0),(280),(0):(272,0,1) Stone sword
3,3,(0),(5),(0),(0),(5),(0),(0),(280),(0):(268,0,1) Wooden sword
3,3,(0),(265),(0),(0),(265),(0),(0),(280),(0):(267,0,1) Iron sword
3,3,(0),(266),(0),(0),(266),(0),(0),(280),(0):(283,0,1) Golden sword
3,3,(0),(264),(0),(0),(264),(0),(0),(280),(0):(276,0,1) Diamond sword
